"H (A_per_meter)" 	"B (tesla)"
0.00	0.01
100.00	0.01
200.00	0.02
300.00	0.03
400.00	0.04
500.00	0.05
600.00	0.07
700.00	0.08
800.00	0.09
900.00	0.10
1000.00	0.11
1100.00	0.12
1200.00	0.13
1300.00	0.14
1400.00	0.15
1500.00	0.16
1600.00	0.17
1700.00	0.18
1800.00	0.19
1900.00	0.20
2000.00	0.21
2100.00	0.21
2200.00	0.22
2300.00	0.23
2400.00	0.24
2500.00	0.25
2600.00	0.26
2700.00	0.26
2800.00	0.27
2900.00	0.28
3000.00	0.29
3100.00	0.29
3200.00	0.30
3300.00	0.31
3400.00	0.31
3500.00	0.32
3600.00	0.33
3700.00	0.33
3800.00	0.34
3900.00	0.35
4000.00	0.35
4100.00	0.36
4200.00	0.36
4300.00	0.37
4400.00	0.38
4500.00	0.38
4600.00	0.39
4700.00	0.39
4800.00	0.40
4900.00	0.40
5000.00	0.41
5100.00	0.41
5200.00	0.42
5300.00	0.42
5400.00	0.43
5500.00	0.43
5600.00	0.44
5700.00	0.44
5800.00	0.45
5900.00	0.45
6000.00	0.46
6100.00	0.46
6200.00	0.46
6300.00	0.47
6400.00	0.47
6500.00	0.48
6600.00	0.48
6700.00	0.48
6800.00	0.49
6900.00	0.49
7000.00	0.50
7100.00	0.50
7200.00	0.50
7300.00	0.51
7400.00	0.51
7500.00	0.51
7600.00	0.52
7700.00	0.52
7800.00	0.52
7900.00	0.53
8000.00	0.53
8100.00	0.53
8200.00	0.54
8300.00	0.54
8400.00	0.54
8500.00	0.55
8600.00	0.55
8700.00	0.55
8800.00	0.56
8900.00	0.56
9000.00	0.56
9100.00	0.56
9200.00	0.57
9300.00	0.57
9400.00	0.57
9500.00	0.58
9600.00	0.58
9700.00	0.58
9800.00	0.58
9900.00	0.59
10000.00	0.59
10100.00	0.59
10200.00	0.59
10300.00	0.60
10400.00	0.60
10500.00	0.60
10600.00	0.60
10700.00	0.61
10800.00	0.61
10900.00	0.61
11000.00	0.61
11100.00	0.62
11200.00	0.62
11300.00	0.62
11400.00	0.62
11500.00	0.62
11600.00	0.63
11700.00	0.63
11800.00	0.63
11900.00	0.63
12000.00	0.64
12100.00	0.64
12200.00	0.64
12300.00	0.64
12400.00	0.64
12500.00	0.65
12600.00	0.65
12700.00	0.65
12800.00	0.65
12900.00	0.65
13000.00	0.65
13100.00	0.66
13200.00	0.66
13300.00	0.66
13400.00	0.66
13500.00	0.66
13600.00	0.67
13700.00	0.67
13800.00	0.67
13900.00	0.67
14000.00	0.67
14100.00	0.67
14200.00	0.68
14300.00	0.68
14400.00	0.68
14500.00	0.68
14600.00	0.68
14700.00	0.68
14800.00	0.69
14900.00	0.69
15000.00	0.69
15100.00	0.69
15200.00	0.69
15300.00	0.69
15400.00	0.70
15500.00	0.70
15600.00	0.70
15700.00	0.70
15800.00	0.70
15900.00	0.70
16000.00	0.70
16100.00	0.71
16200.00	0.71
16300.00	0.71
16400.00	0.71
16500.00	0.71
16600.00	0.71
16700.00	0.71
16800.00	0.71
16900.00	0.72
17000.00	0.72
17100.00	0.72
17200.00	0.72
17300.00	0.72
17400.00	0.72
17500.00	0.72
17600.00	0.72
17700.00	0.73
17800.00	0.73
17900.00	0.73
18000.00	0.73
18100.00	0.73
18200.00	0.73
18300.00	0.73
18400.00	0.73
18500.00	0.74
18600.00	0.74
18700.00	0.74
18800.00	0.74
18900.00	0.74
19000.00	0.74
19100.00	0.74
19200.00	0.74
19300.00	0.74
19400.00	0.75
19500.00	0.75
19600.00	0.75
19700.00	0.75
19800.00	0.75
19900.00	0.75
20000.00	0.75
20100.00	0.75
20200.00	0.75
20300.00	0.76
20400.00	0.76
20500.00	0.76
20600.00	0.76
20700.00	0.76
20800.00	0.76
20900.00	0.76
21000.00	0.76
21100.00	0.76
21200.00	0.76
21300.00	0.76
21400.00	0.77
21500.00	0.77
21600.00	0.77
21700.00	0.77
21800.00	0.77
21900.00	0.77
22000.00	0.77
22100.00	0.77
22200.00	0.77
22300.00	0.77
22400.00	0.77
22500.00	0.78
22600.00	0.78
22700.00	0.78
22800.00	0.78
22900.00	0.78
23000.00	0.78
23100.00	0.78
23200.00	0.78
23300.00	0.78
23400.00	0.78
23500.00	0.78
23600.00	0.78
23700.00	0.79
23800.00	0.79
23900.00	0.79
24000.00	0.79
24100.00	0.79
24200.00	0.79
24300.00	0.79
24400.00	0.79
24500.00	0.79
24600.00	0.79
24700.00	0.79
24800.00	0.79
24900.00	0.79
25000.00	0.80
25100.00	0.80
25200.00	0.80
25300.00	0.80
25400.00	0.80
25500.00	0.80
25600.00	0.80
25700.00	0.80
25800.00	0.80
25900.00	0.80
26000.00	0.80
26100.00	0.80
26200.00	0.80
26300.00	0.80
26400.00	0.81
26500.00	0.81
26600.00	0.81
26700.00	0.81
26800.00	0.81
26900.00	0.81
27000.00	0.81
27100.00	0.81
27200.00	0.81
27300.00	0.81
27400.00	0.81
27500.00	0.81
27600.00	0.81
27700.00	0.81
27800.00	0.81
27900.00	0.82
28000.00	0.82
28100.00	0.82
28200.00	0.82
28300.00	0.82
28400.00	0.82
28500.00	0.82
28600.00	0.82
28700.00	0.82
28800.00	0.82
28900.00	0.82
29000.00	0.82
29100.00	0.82
29200.00	0.82
29300.00	0.82
29400.00	0.82
29500.00	0.82
29600.00	0.83
29700.00	0.83
29800.00	0.83
29900.00	0.83
30000.00	0.83
30100.00	0.83
30200.00	0.83
30300.00	0.83
30400.00	0.83
30500.00	0.83
30600.00	0.83
30700.00	0.83
30800.00	0.83
30900.00	0.83
31000.00	0.83
31100.00	0.83
31200.00	0.83
31300.00	0.83
31400.00	0.83
31500.00	0.84
31600.00	0.84
31700.00	0.84
31800.00	0.84
31900.00	0.84
32000.00	0.84
32100.00	0.84
32200.00	0.84
32300.00	0.84
32400.00	0.84
32500.00	0.84
32600.00	0.84
32700.00	0.84
32800.00	0.84
32900.00	0.84
33000.00	0.84
33100.00	0.84
33200.00	0.84
33300.00	0.84
33400.00	0.84
33500.00	0.84
33600.00	0.85
33700.00	0.85
33800.00	0.85
33900.00	0.85
34000.00	0.85
34100.00	0.85
34200.00	0.85
34300.00	0.85
34400.00	0.85
34500.00	0.85
34600.00	0.85
34700.00	0.85
34800.00	0.85
34900.00	0.85
35000.00	0.85
35100.00	0.85
35200.00	0.85
35300.00	0.85
35400.00	0.85
35500.00	0.85
35600.00	0.85
35700.00	0.85
35800.00	0.85
35900.00	0.86
36000.00	0.86
36100.00	0.86
36200.00	0.86
36300.00	0.86
36400.00	0.86
36500.00	0.86
36600.00	0.86
36700.00	0.86
36800.00	0.86
36900.00	0.86
37000.00	0.86
37100.00	0.86
37200.00	0.86
37300.00	0.86
37400.00	0.86
37500.00	0.86
37600.00	0.86
37700.00	0.86
37800.00	0.86
37900.00	0.86
38000.00	0.86
38100.00	0.86
38200.00	0.86
38300.00	0.86
38400.00	0.87
38500.00	0.87
38600.00	0.87
38700.00	0.87
38800.00	0.87
38900.00	0.87
39000.00	0.87
39100.00	0.87
39200.00	0.87
39300.00	0.87
39400.00	0.87
39500.00	0.87
39600.00	0.87
39700.00	0.87
39800.00	0.87
39900.00	0.87
40000.00	0.87
40100.00	0.87
40200.00	0.87
40300.00	0.87
40400.00	0.87
40500.00	0.87
40600.00	0.87
40700.00	0.87
40800.00	0.87
40900.00	0.87
41000.00	0.87
41100.00	0.87
41200.00	0.87
41300.00	0.88
41400.00	0.88
41500.00	0.88
41600.00	0.88
41700.00	0.88
41800.00	0.88
41900.00	0.88
42000.00	0.88
42100.00	0.88
42200.00	0.88
42300.00	0.88
42400.00	0.88
42500.00	0.88
42600.00	0.88
42700.00	0.88
42800.00	0.88
42900.00	0.88
43000.00	0.88
43100.00	0.88
43200.00	0.88
43300.00	0.88
43400.00	0.88
43500.00	0.88
43600.00	0.88
43700.00	0.88
43800.00	0.88
43900.00	0.88
44000.00	0.88
44100.00	0.88
44200.00	0.88
44300.00	0.88
44400.00	0.88
44500.00	0.88
44600.00	0.89
44700.00	0.89
44800.00	0.89
44900.00	0.89
45000.00	0.89
45100.00	0.89
45200.00	0.89
45300.00	0.89
45400.00	0.89
45500.00	0.89
45600.00	0.89
45700.00	0.89
45800.00	0.89
45900.00	0.89
46000.00	0.89
46100.00	0.89
46200.00	0.89
46300.00	0.89
46400.00	0.89
46500.00	0.89
46600.00	0.89
46700.00	0.89
46800.00	0.89
46900.00	0.89
47000.00	0.89
47100.00	0.89
47200.00	0.89
47300.00	0.89
47400.00	0.89
47500.00	0.89
47600.00	0.89
47700.00	0.89
47800.00	0.89
47900.00	0.89
48000.00	0.89
48100.00	0.89
48200.00	0.89
48300.00	0.89
48400.00	0.90
48500.00	0.90
48600.00	0.90
48700.00	0.90
48800.00	0.90
48900.00	0.90
49000.00	0.90
49100.00	0.90
49200.00	0.90
49300.00	0.90
49400.00	0.90
49500.00	0.90
49600.00	0.90
49700.00	0.90
49800.00	0.90
49900.00	0.90
50000.00	0.90
50100.00	0.90
50200.00	0.90
50300.00	0.90
50400.00	0.90
50500.00	0.90
50600.00	0.90
50700.00	0.90
50800.00	0.90
50900.00	0.90
51000.00	0.90
51100.00	0.90
51200.00	0.90
51300.00	0.90
51400.00	0.90
51500.00	0.90
51600.00	0.90
51700.00	0.90
51800.00	0.90
51900.00	0.90
52000.00	0.90
52100.00	0.90
52200.00	0.90
52300.00	0.90
52400.00	0.90
52500.00	0.90
52600.00	0.90
52700.00	0.90
52800.00	0.91
52900.00	0.91
53000.00	0.91
53100.00	0.91
53200.00	0.91
53300.00	0.91
53400.00	0.91
53500.00	0.91
53600.00	0.91
53700.00	0.91
53800.00	0.91
53900.00	0.91
54000.00	0.91
54100.00	0.91
54200.00	0.91
54300.00	0.91
54400.00	0.91
54500.00	0.91
54600.00	0.91
54700.00	0.91
54800.00	0.91
54900.00	0.91
55000.00	0.91
55100.00	0.91
55200.00	0.91
55300.00	0.91
55400.00	0.91
55500.00	0.91
55600.00	0.91
55700.00	0.91
55800.00	0.91
55900.00	0.91
56000.00	0.91
56100.00	0.91
56200.00	0.91
56300.00	0.91
56400.00	0.91
56500.00	0.91
56600.00	0.91
56700.00	0.91
56800.00	0.91
56900.00	0.91
57000.00	0.91
57100.00	0.91
57200.00	0.91
57300.00	0.91
57400.00	0.91
57500.00	0.91
57600.00	0.91
57700.00	0.91
57800.00	0.91
57900.00	0.92
58000.00	0.92
58100.00	0.92
58200.00	0.92
58300.00	0.92
58400.00	0.92
58500.00	0.92
58600.00	0.92
58700.00	0.92
58800.00	0.92
58900.00	0.92
59000.00	0.92
59100.00	0.92
59200.00	0.92
59300.00	0.92
59400.00	0.92
59500.00	0.92
59600.00	0.92
59700.00	0.92
59800.00	0.92
59900.00	0.92
60000.00	0.92
60100.00	0.92
60200.00	0.92
60300.00	0.92
60400.00	0.92
60500.00	0.92
60600.00	0.92
60700.00	0.92
60800.00	0.92
60900.00	0.92
61000.00	0.92
61100.00	0.92
61200.00	0.92
61300.00	0.92
61400.00	0.92
61500.00	0.92
61600.00	0.92
61700.00	0.92
61800.00	0.92
61900.00	0.92
62000.00	0.92
62100.00	0.92
62200.00	0.92
62300.00	0.92
62400.00	0.92
62500.00	0.92
62600.00	0.92
62700.00	0.92
62800.00	0.92
62900.00	0.92
63000.00	0.92
63100.00	0.92
63200.00	0.92
63300.00	0.92
63400.00	0.92
63500.00	0.92
63600.00	0.92
63700.00	0.92
63800.00	0.92
63900.00	0.93
64000.00	0.93
64100.00	0.93
64200.00	0.93
64300.00	0.93
64400.00	0.93
64500.00	0.93
64600.00	0.93
64700.00	0.93
64800.00	0.93
64900.00	0.93
65000.00	0.93
65100.00	0.93
65200.00	0.93
65300.00	0.93
65400.00	0.93
65500.00	0.93
65600.00	0.93
65700.00	0.93
65800.00	0.93
65900.00	0.93
66000.00	0.93
66100.00	0.93
66200.00	0.93
66300.00	0.93
66400.00	0.93
66500.00	0.93
66600.00	0.93
66700.00	0.93
66800.00	0.93
66900.00	0.93
67000.00	0.93
67100.00	0.93
67200.00	0.93
67300.00	0.93
67400.00	0.93
67500.00	0.93
67600.00	0.93
67700.00	0.93
67800.00	0.93
67900.00	0.93
68000.00	0.93
68100.00	0.93
68200.00	0.93
68300.00	0.93
68400.00	0.93
68500.00	0.93
68600.00	0.93
68700.00	0.93
68800.00	0.93
68900.00	0.93
69000.00	0.93
69100.00	0.93
69200.00	0.93
69300.00	0.93
69400.00	0.93
69500.00	0.93
69600.00	0.93
69700.00	0.93
69800.00	0.93
69900.00	0.93
70000.00	0.93
70100.00	0.93
70200.00	0.93
70300.00	0.93
70400.00	0.93
70500.00	0.93
70600.00	0.93
70700.00	0.93
70800.00	0.93
70900.00	0.93
71000.00	0.93
71100.00	0.93
71200.00	0.94
71300.00	0.94
71400.00	0.94
71500.00	0.94
71600.00	0.94
71700.00	0.94
71800.00	0.94
71900.00	0.94
72000.00	0.94
72100.00	0.94
72200.00	0.94
72300.00	0.94
72400.00	0.94
72500.00	0.94
72600.00	0.94
72700.00	0.94
72800.00	0.94
72900.00	0.94
73000.00	0.94
73100.00	0.94
73200.00	0.94
73300.00	0.94
73400.00	0.94
73500.00	0.94
73600.00	0.94
73700.00	0.94
73800.00	0.94
73900.00	0.94
74000.00	0.94
74100.00	0.94
74200.00	0.94
74300.00	0.94
74400.00	0.94
74500.00	0.94
74600.00	0.94
74700.00	0.94
74800.00	0.94
74900.00	0.94
75000.00	0.94
75100.00	0.94
75200.00	0.94
75300.00	0.94
75400.00	0.94
75500.00	0.94
75600.00	0.94
75700.00	0.94
75800.00	0.94
75900.00	0.94
76000.00	0.94
76100.00	0.94
76200.00	0.94
76300.00	0.94
76400.00	0.94
76500.00	0.94
76600.00	0.94
76700.00	0.94
76800.00	0.94
76900.00	0.94
77000.00	0.94
77100.00	0.94
77200.00	0.94
77300.00	0.94
77400.00	0.94
77500.00	0.94
77600.00	0.94
77700.00	0.94
77800.00	0.94
77900.00	0.94
78000.00	0.94
78100.00	0.94
78200.00	0.94
78300.00	0.94
78400.00	0.94
78500.00	0.94
78600.00	0.94
78700.00	0.94
78800.00	0.94
78900.00	0.94
79000.00	0.94
79100.00	0.94
79200.00	0.94
79300.00	0.94
79400.00	0.94
79500.00	0.94
79600.00	0.94
79700.00	0.94
79800.00	0.94
79900.00	0.94
80000.00	0.94
80100.00	0.94
80200.00	0.95
80300.00	0.95
80400.00	0.95
80500.00	0.95
80600.00	0.95
80700.00	0.95
80800.00	0.95
80900.00	0.95
81000.00	0.95
81100.00	0.95
81200.00	0.95
81300.00	0.95
81400.00	0.95
81500.00	0.95
81600.00	0.95
81700.00	0.95
81800.00	0.95
81900.00	0.95
82000.00	0.95
82100.00	0.95
82200.00	0.95
82300.00	0.95
82400.00	0.95
82500.00	0.95
82600.00	0.95
82700.00	0.95
82800.00	0.95
82900.00	0.95
83000.00	0.95
83100.00	0.95
83200.00	0.95
83300.00	0.95
83400.00	0.95
83500.00	0.95
83600.00	0.95
83700.00	0.95
83800.00	0.95
83900.00	0.95
84000.00	0.95
84100.00	0.95
84200.00	0.95
84300.00	0.95
84400.00	0.95
84500.00	0.95
84600.00	0.95
84700.00	0.95
84800.00	0.95
84900.00	0.95
85000.00	0.95
85100.00	0.95
85200.00	0.95
85300.00	0.95
85400.00	0.95
85500.00	0.95
85600.00	0.95
85700.00	0.95
85800.00	0.95
85900.00	0.95
86000.00	0.95
86100.00	0.95
86200.00	0.95
86300.00	0.95
86400.00	0.95
86500.00	0.95
86600.00	0.95
86700.00	0.95
86800.00	0.95
86900.00	0.95
87000.00	0.95
87100.00	0.95
87200.00	0.95
87300.00	0.95
87400.00	0.95
87500.00	0.95
87600.00	0.95
87700.00	0.95
87800.00	0.95
87900.00	0.95
88000.00	0.95
88100.00	0.95
88200.00	0.95
88300.00	0.95
88400.00	0.95
88500.00	0.95
88600.00	0.95
88700.00	0.95
88800.00	0.95
88900.00	0.95
89000.00	0.95
89100.00	0.95
89200.00	0.95
89300.00	0.95
89400.00	0.95
89500.00	0.95
89600.00	0.95
89700.00	0.95
89800.00	0.95
89900.00	0.95
90000.00	0.95
90100.00	0.95
90200.00	0.95
90300.00	0.95
90400.00	0.95
90500.00	0.95
90600.00	0.95
90700.00	0.95
90800.00	0.95
90900.00	0.95
91000.00	0.95
91100.00	0.95
91200.00	0.95
91300.00	0.95
91400.00	0.95
91500.00	0.96
91600.00	0.96
91700.00	0.96
91800.00	0.96
91900.00	0.96
92000.00	0.96
92100.00	0.96
92200.00	0.96
92300.00	0.96
92400.00	0.96
92500.00	0.96
92600.00	0.96
92700.00	0.96
92800.00	0.96
92900.00	0.96
93000.00	0.96
93100.00	0.96
93200.00	0.96
93300.00	0.96
93400.00	0.96
93500.00	0.96
93600.00	0.96
93700.00	0.96
93800.00	0.96
93900.00	0.96
94000.00	0.96
94100.00	0.96
94200.00	0.96
94300.00	0.96
94400.00	0.96
94500.00	0.96
94600.00	0.96
94700.00	0.96
94800.00	0.96
94900.00	0.96
95000.00	0.96
95100.00	0.96
95200.00	0.96
95300.00	0.96
95400.00	0.96
95500.00	0.96
95600.00	0.96
95700.00	0.96
95800.00	0.96
95900.00	0.96
96000.00	0.96
96100.00	0.96
96200.00	0.96
96300.00	0.96
96400.00	0.96
96500.00	0.96
96600.00	0.96
96700.00	0.96
96800.00	0.96
96900.00	0.96
97000.00	0.96
97100.00	0.96
97200.00	0.96
97300.00	0.96
97400.00	0.96
97500.00	0.96
97600.00	0.96
97700.00	0.96
97800.00	0.96
97900.00	0.96
98000.00	0.96
98100.00	0.96
98200.00	0.96
98300.00	0.96
98400.00	0.96
98500.00	0.96
98600.00	0.96
98700.00	0.96
98800.00	0.96
98900.00	0.96
99000.00	0.96
99100.00	0.96
99200.00	0.96
99300.00	0.96
99400.00	0.96
99500.00	0.96
99600.00	0.96
99700.00	0.96
99800.00	0.96
99900.00	0.96
100000.00	0.96
100100.00	0.96
100200.00	0.96
100300.00	0.96
100400.00	0.96
100500.00	0.96
100600.00	0.96
100700.00	0.96
100800.00	0.96
100900.00	0.96
101000.00	0.96
101100.00	0.96
101200.00	0.96
101300.00	0.96
101400.00	0.96
101500.00	0.96
101600.00	0.96
101700.00	0.96
101800.00	0.96
101900.00	0.96
102000.00	0.96
102100.00	0.96
102200.00	0.96
102300.00	0.96
102400.00	0.96
102500.00	0.96
102600.00	0.96
102700.00	0.96
102800.00	0.96
102900.00	0.96
103000.00	0.96
103100.00	0.96
103200.00	0.96
103300.00	0.96
103400.00	0.96
103500.00	0.96
103600.00	0.96
103700.00	0.96
103800.00	0.96
103900.00	0.96
104000.00	0.96
104100.00	0.96
104200.00	0.96
104300.00	0.96
104400.00	0.96
104500.00	0.96
104600.00	0.96
104700.00	0.96
104800.00	0.96
104900.00	0.96
105000.00	0.96
105100.00	0.96
105200.00	0.96
105300.00	0.96
105400.00	0.96
105500.00	0.96
105600.00	0.96
105700.00	0.96
105800.00	0.96
105900.00	0.96
106000.00	0.96
106100.00	0.96
106200.00	0.97
106300.00	0.97
106400.00	0.97
106500.00	0.97
106600.00	0.97
106700.00	0.97
106800.00	0.97
106900.00	0.97
107000.00	0.97
107100.00	0.97
107200.00	0.97
107300.00	0.97
107400.00	0.97
107500.00	0.97
107600.00	0.97
107700.00	0.97
107800.00	0.97
107900.00	0.97
108000.00	0.97
108100.00	0.97
108200.00	0.97
108300.00	0.97
108400.00	0.97
108500.00	0.97
108600.00	0.97
108700.00	0.97
108800.00	0.97
108900.00	0.97
109000.00	0.97
109100.00	0.97
109200.00	0.97
109300.00	0.97
109400.00	0.97
109500.00	0.97
109600.00	0.97
109700.00	0.97
109800.00	0.97
109900.00	0.97
110000.00	0.97
110100.00	0.97
110200.00	0.97
110300.00	0.97
110400.00	0.97
110500.00	0.97
110600.00	0.97
110700.00	0.97
110800.00	0.97
110900.00	0.97
111000.00	0.97
111100.00	0.97
111200.00	0.97
111300.00	0.97
111400.00	0.97
111500.00	0.97
111600.00	0.97
111700.00	0.97
111800.00	0.97
111900.00	0.97
112000.00	0.97
112100.00	0.97
112200.00	0.97
112300.00	0.97
112400.00	0.97
112500.00	0.97
112600.00	0.97
112700.00	0.97
112800.00	0.97
112900.00	0.97
113000.00	0.97
113100.00	0.97
113200.00	0.97
113300.00	0.97
113400.00	0.97
113500.00	0.97
113600.00	0.97
113700.00	0.97
113800.00	0.97
113900.00	0.97
114000.00	0.97
114100.00	0.97
114200.00	0.97
114300.00	0.97
114400.00	0.97
114500.00	0.97
114600.00	0.97
114700.00	0.97
114800.00	0.97
114900.00	0.97
115000.00	0.97
115100.00	0.97
115200.00	0.97
115300.00	0.97
115400.00	0.97
115500.00	0.97
115600.00	0.97
115700.00	0.97
115800.00	0.97
115900.00	0.97
116000.00	0.97
116100.00	0.97
116200.00	0.97
116300.00	0.97
116400.00	0.97
116500.00	0.97
116600.00	0.97
116700.00	0.97
116800.00	0.97
116900.00	0.97
117000.00	0.97
117100.00	0.97
117200.00	0.97
117300.00	0.97
117400.00	0.97
117500.00	0.97
117600.00	0.97
117700.00	0.97
117800.00	0.97
117900.00	0.97
118000.00	0.97
118100.00	0.97
118200.00	0.97
118300.00	0.97
118400.00	0.97
118500.00	0.97
118600.00	0.97
118700.00	0.97
118800.00	0.97
118900.00	0.97
119000.00	0.97
119100.00	0.97
119200.00	0.97
119300.00	0.97
119400.00	0.97
119500.00	0.97
119600.00	0.97
119700.00	0.97
119800.00	0.97
119900.00	0.97
120000.00	0.97
120100.00	0.97
120200.00	0.97
120300.00	0.97
120400.00	0.97
120500.00	0.97
120600.00	0.97
120700.00	0.97
120800.00	0.97
120900.00	0.97
121000.00	0.97
121100.00	0.97
121200.00	0.97
121300.00	0.97
121400.00	0.97
121500.00	0.97
121600.00	0.97
121700.00	0.97
121800.00	0.97
121900.00	0.97
122000.00	0.97
122100.00	0.97
122200.00	0.97
122300.00	0.97
122400.00	0.97
122500.00	0.97
122600.00	0.97
122700.00	0.97
122800.00	0.97
122900.00	0.97
123000.00	0.97
123100.00	0.97
123200.00	0.97
123300.00	0.97
123400.00	0.97
123500.00	0.97
123600.00	0.97
123700.00	0.97
123800.00	0.97
123900.00	0.97
124000.00	0.97
124100.00	0.97
124200.00	0.97
124300.00	0.97
124400.00	0.97
124500.00	0.97
124600.00	0.97
124700.00	0.97
124800.00	0.97
124900.00	0.97
125000.00	0.97
125100.00	0.97
125200.00	0.97
125300.00	0.97
125400.00	0.97
125500.00	0.97
125600.00	0.97
125700.00	0.97
125800.00	0.97
125900.00	0.98
126000.00	0.98
126100.00	0.98
126200.00	0.98
126300.00	0.98
126400.00	0.98
126500.00	0.98
126600.00	0.98
126700.00	0.98
126800.00	0.98
126900.00	0.98
127000.00	0.98
127100.00	0.98
127200.00	0.98
127300.00	0.98
127400.00	0.98
127500.00	0.98
127600.00	0.98
127700.00	0.98
127800.00	0.98
127900.00	0.98
128000.00	0.98
128100.00	0.98
128200.00	0.98
128300.00	0.98
128400.00	0.98
128500.00	0.98
128600.00	0.98
128700.00	0.98
128800.00	0.98
128900.00	0.98
129000.00	0.98
129100.00	0.98
129200.00	0.98
129300.00	0.98
129400.00	0.98
129500.00	0.98
129600.00	0.98
129700.00	0.98
129800.00	0.98
129900.00	0.98
130000.00	0.98
130100.00	0.98
130200.00	0.98
130300.00	0.98
130400.00	0.98
130500.00	0.98
130600.00	0.98
130700.00	0.98
130800.00	0.98
130900.00	0.98
131000.00	0.98
131100.00	0.98
131200.00	0.98
131300.00	0.98
131400.00	0.98
131500.00	0.98
131600.00	0.98
131700.00	0.98
131800.00	0.98
131900.00	0.98
132000.00	0.98
132100.00	0.98
132200.00	0.98
132300.00	0.98
132400.00	0.98
132500.00	0.98
132600.00	0.98
132700.00	0.98
132800.00	0.98
132900.00	0.98
133000.00	0.98
133100.00	0.98
133200.00	0.98
133300.00	0.98
133400.00	0.98
133500.00	0.98
133600.00	0.98
133700.00	0.98
133800.00	0.98
133900.00	0.98
134000.00	0.98
134100.00	0.98
134200.00	0.98
134300.00	0.98
134400.00	0.98
134500.00	0.98
134600.00	0.98
134700.00	0.98
134800.00	0.98
134900.00	0.98
135000.00	0.98
135100.00	0.98
135200.00	0.98
135300.00	0.98
135400.00	0.98
135500.00	0.98
135600.00	0.98
135700.00	0.98
135800.00	0.98
135900.00	0.98
136000.00	0.98
136100.00	0.98
136200.00	0.98
136300.00	0.98
136400.00	0.98
136500.00	0.98
136600.00	0.98
136700.00	0.98
136800.00	0.98
136900.00	0.98
137000.00	0.98
137100.00	0.98
137200.00	0.98
137300.00	0.98
137400.00	0.98
137500.00	0.98
137600.00	0.98
137700.00	0.98
137800.00	0.98
137900.00	0.98
138000.00	0.98
138100.00	0.98
138200.00	0.98
138300.00	0.98
138400.00	0.98
138500.00	0.98
138600.00	0.98
138700.00	0.98
138800.00	0.98
138900.00	0.98
139000.00	0.98
139100.00	0.98
139200.00	0.98
139300.00	0.98
139400.00	0.98
139500.00	0.98
139600.00	0.98
139700.00	0.98
139800.00	0.98
139900.00	0.98
140000.00	0.98
140100.00	0.98
140200.00	0.98
140300.00	0.98
140400.00	0.98
140500.00	0.98
140600.00	0.98
140700.00	0.98
140800.00	0.98
140900.00	0.98
141000.00	0.98
141100.00	0.98
141200.00	0.98
141300.00	0.98
141400.00	0.98
141500.00	0.98
141600.00	0.98
141700.00	0.98
141800.00	0.98
141900.00	0.98
142000.00	0.98
142100.00	0.98
142200.00	0.98
142300.00	0.98
142400.00	0.98
142500.00	0.98
142600.00	0.98
142700.00	0.98
142800.00	0.98
142900.00	0.98
143000.00	0.98
143100.00	0.98
143200.00	0.98
143300.00	0.98
143400.00	0.98
143500.00	0.98
143600.00	0.98
143700.00	0.98
143800.00	0.98
143900.00	0.98
144000.00	0.98
144100.00	0.98
144200.00	0.98
144300.00	0.98
144400.00	0.98
144500.00	0.98
144600.00	0.98
144700.00	0.98
144800.00	0.98
144900.00	0.98
145000.00	0.98
145100.00	0.98
145200.00	0.98
145300.00	0.98
145400.00	0.98
145500.00	0.98
145600.00	0.98
145700.00	0.98
145800.00	0.98
145900.00	0.98
146000.00	0.98
146100.00	0.98
146200.00	0.98
146300.00	0.98
146400.00	0.98
146500.00	0.98
146600.00	0.98
146700.00	0.98
146800.00	0.98
146900.00	0.98
147000.00	0.98
147100.00	0.98
147200.00	0.98
147300.00	0.98
147400.00	0.98
147500.00	0.98
147600.00	0.98
147700.00	0.98
147800.00	0.98
147900.00	0.98
148000.00	0.98
148100.00	0.98
148200.00	0.98
148300.00	0.98
148400.00	0.98
148500.00	0.98
148600.00	0.98
148700.00	0.98
148800.00	0.98
148900.00	0.98
149000.00	0.98
149100.00	0.98
149200.00	0.98
149300.00	0.98
149400.00	0.98
149500.00	0.98
149600.00	0.98
149700.00	0.98
149800.00	0.98
149900.00	0.98
150000.00	0.98
150100.00	0.98
150200.00	0.98
150300.00	0.98
150400.00	0.98
150500.00	0.98
150600.00	0.98
150700.00	0.98
150800.00	0.98
150900.00	0.98
151000.00	0.98
151100.00	0.98
151200.00	0.98
151300.00	0.98
151400.00	0.98
151500.00	0.98
151600.00	0.98
151700.00	0.98
151800.00	0.98
151900.00	0.98
152000.00	0.98
152100.00	0.98
152200.00	0.98
152300.00	0.98
152400.00	0.98
152500.00	0.98
152600.00	0.98
152700.00	0.98
152800.00	0.98
152900.00	0.98
153000.00	0.98
153100.00	0.98
153200.00	0.98
153300.00	0.98
153400.00	0.98
153500.00	0.98
153600.00	0.98
153700.00	0.98
153800.00	0.98
153900.00	0.98
154000.00	0.98
154100.00	0.99
154200.00	0.99
154300.00	0.99
154400.00	0.99
154500.00	0.99
154600.00	0.99
154700.00	0.99
154800.00	0.99
154900.00	0.99
155000.00	0.99
155100.00	0.99
155200.00	0.99
155300.00	0.99
155400.00	0.99
155500.00	0.99
155600.00	0.99
155700.00	0.99
155800.00	0.99
155900.00	0.99
156000.00	0.99
156100.00	0.99
156200.00	0.99
156300.00	0.99
156400.00	0.99
156500.00	0.99
156600.00	0.99
156700.00	0.99
156800.00	0.99
156900.00	0.99
157000.00	0.99
157100.00	0.99
157200.00	0.99
157300.00	0.99
157400.00	0.99
157500.00	0.99
157600.00	0.99
157700.00	0.99
157800.00	0.99
157900.00	0.99
158000.00	0.99
158100.00	0.99
158200.00	0.99
158300.00	0.99
158400.00	0.99
158500.00	0.99
158600.00	0.99
158700.00	0.99
158800.00	0.99
158900.00	0.99
159000.00	0.99
159100.00	0.99
159200.00	0.99
159300.00	0.99
159400.00	0.99
159500.00	0.99
159600.00	0.99
159700.00	0.99
159800.00	0.99
159900.00	0.99
160000.00	0.99
160100.00	0.99
160200.00	0.99
160300.00	0.99
160400.00	0.99
160500.00	0.99
160600.00	0.99
160700.00	0.99
160800.00	0.99
160900.00	0.99
161000.00	0.99
161100.00	0.99
161200.00	0.99
161300.00	0.99
161400.00	0.99
161500.00	0.99
161600.00	0.99
161700.00	0.99
161800.00	0.99
161900.00	0.99
162000.00	0.99
162100.00	0.99
162200.00	0.99
162300.00	0.99
162400.00	0.99
162500.00	0.99
162600.00	0.99
162700.00	0.99
162800.00	0.99
162900.00	0.99
163000.00	0.99
163100.00	0.99
163200.00	0.99
163300.00	0.99
163400.00	0.99
163500.00	0.99
163600.00	0.99
163700.00	0.99
163800.00	0.99
163900.00	0.99
164000.00	0.99
164100.00	0.99
164200.00	0.99
164300.00	0.99
164400.00	0.99
164500.00	0.99
164600.00	0.99
164700.00	0.99
164800.00	0.99
164900.00	0.99
165000.00	0.99
165100.00	0.99
165200.00	0.99
165300.00	0.99
165400.00	0.99
165500.00	0.99
165600.00	0.99
165700.00	0.99
165800.00	0.99
165900.00	0.99
166000.00	0.99
166100.00	0.99
166200.00	0.99
166300.00	0.99
166400.00	0.99
166500.00	0.99
166600.00	0.99
166700.00	0.99
166800.00	0.99
166900.00	0.99
167000.00	0.99
167100.00	0.99
167200.00	0.99
167300.00	0.99
167400.00	0.99
167500.00	0.99
167600.00	0.99
167700.00	0.99
167800.00	0.99
167900.00	0.99
168000.00	0.99
168100.00	0.99
168200.00	0.99
168300.00	0.99
168400.00	0.99
168500.00	0.99
168600.00	0.99
168700.00	0.99
168800.00	0.99
168900.00	0.99
169000.00	0.99
169100.00	0.99
169200.00	0.99
169300.00	0.99
169400.00	0.99
169500.00	0.99
169600.00	0.99
169700.00	0.99
169800.00	0.99
169900.00	0.99
170000.00	0.99
170100.00	0.99
170200.00	0.99
170300.00	0.99
170400.00	0.99
170500.00	0.99
170600.00	0.99
170700.00	0.99
170800.00	0.99
170900.00	0.99
171000.00	0.99
171100.00	0.99
171200.00	0.99
171300.00	0.99
171400.00	0.99
171500.00	0.99
171600.00	0.99
171700.00	0.99
171800.00	0.99
171900.00	0.99
172000.00	0.99
172100.00	0.99
172200.00	0.99
172300.00	0.99
172400.00	0.99
172500.00	0.99
172600.00	0.99
172700.00	0.99
172800.00	0.99
172900.00	0.99
173000.00	0.99
173100.00	0.99
173200.00	0.99
173300.00	0.99
173400.00	0.99
173500.00	0.99
173600.00	0.99
173700.00	0.99
173800.00	0.99
173900.00	0.99
174000.00	0.99
174100.00	0.99
174200.00	0.99
174300.00	0.99
174400.00	0.99
174500.00	0.99
174600.00	0.99
174700.00	0.99
174800.00	0.99
174900.00	0.99
175000.00	0.99
175100.00	0.99
175200.00	0.99
175300.00	0.99
175400.00	0.99
175500.00	0.99
175600.00	0.99
175700.00	0.99
175800.00	0.99
175900.00	0.99
176000.00	0.99
176100.00	0.99
176200.00	0.99
176300.00	0.99
176400.00	0.99
176500.00	0.99
176600.00	0.99
176700.00	0.99
176800.00	0.99
176900.00	0.99
177000.00	0.99
177100.00	0.99
177200.00	0.99
177300.00	0.99
177400.00	0.99
177500.00	0.99
177600.00	0.99
177700.00	0.99
177800.00	0.99
177900.00	0.99
178000.00	0.99
178100.00	0.99
178200.00	0.99
178300.00	0.99
178400.00	0.99
178500.00	0.99
178600.00	0.99
178700.00	0.99
178800.00	0.99
178900.00	0.99
179000.00	0.99
179100.00	0.99
179200.00	0.99
179300.00	0.99
179400.00	0.99
179500.00	0.99
179600.00	0.99
179700.00	0.99
179800.00	0.99
179900.00	0.99
180000.00	0.99
180100.00	0.99
180200.00	0.99
180300.00	0.99
180400.00	0.99
180500.00	0.99
180600.00	0.99
180700.00	0.99
180800.00	0.99
180900.00	0.99
181000.00	0.99
181100.00	0.99
181200.00	0.99
181300.00	0.99
181400.00	0.99
181500.00	0.99
181600.00	0.99
181700.00	0.99
181800.00	0.99
181900.00	0.99
182000.00	0.99
182100.00	0.99
182200.00	0.99
182300.00	0.99
182400.00	0.99
182500.00	0.99
182600.00	0.99
182700.00	0.99
182800.00	0.99
182900.00	0.99
183000.00	0.99
183100.00	0.99
183200.00	0.99
183300.00	0.99
183400.00	0.99
183500.00	0.99
183600.00	0.99
183700.00	0.99
183800.00	0.99
183900.00	0.99
184000.00	0.99
184100.00	0.99
184200.00	0.99
184300.00	0.99
184400.00	0.99
184500.00	0.99
184600.00	0.99
184700.00	0.99
184800.00	0.99
184900.00	0.99
185000.00	0.99
185100.00	0.99
185200.00	0.99
185300.00	0.99
185400.00	0.99
185500.00	0.99
185600.00	0.99
185700.00	0.99
185800.00	0.99
185900.00	0.99
186000.00	0.99
186100.00	0.99
186200.00	0.99
186300.00	0.99
186400.00	0.99
186500.00	0.99
186600.00	0.99
186700.00	0.99
186800.00	0.99
186900.00	0.99
187000.00	0.99
187100.00	0.99
187200.00	0.99
187300.00	0.99
187400.00	0.99
187500.00	0.99
187600.00	0.99
187700.00	0.99
187800.00	0.99
187900.00	0.99
188000.00	0.99
188100.00	0.99
188200.00	0.99
188300.00	0.99
188400.00	0.99
188500.00	0.99
188600.00	0.99
188700.00	0.99
188800.00	0.99
188900.00	0.99
189000.00	0.99
189100.00	0.99
189200.00	0.99
189300.00	0.99
189400.00	0.99
189500.00	0.99
189600.00	0.99
189700.00	0.99
189800.00	0.99
189900.00	0.99
190000.00	0.99
190100.00	0.99
190200.00	0.99
190300.00	0.99
190400.00	0.99
190500.00	0.99
190600.00	0.99
190700.00	0.99
190800.00	0.99
190900.00	0.99
191000.00	0.99
191100.00	0.99
191200.00	0.99
191300.00	0.99
191400.00	0.99
191500.00	0.99
191600.00	0.99
191700.00	0.99
191800.00	0.99
191900.00	0.99
192000.00	0.99
192100.00	0.99
192200.00	0.99
192300.00	0.99
192400.00	0.99
192500.00	0.99
192600.00	0.99
192700.00	0.99
192800.00	0.99
192900.00	0.99
193000.00	0.99
193100.00	0.99
193200.00	0.99
193300.00	0.99
193400.00	0.99
193500.00	0.99
193600.00	0.99
193700.00	0.99
193800.00	0.99
193900.00	0.99
194000.00	0.99
194100.00	0.99
194200.00	0.99
194300.00	0.99
194400.00	0.99
194500.00	0.99
194600.00	0.99
194700.00	0.99
194800.00	0.99
194900.00	0.99
195000.00	0.99
195100.00	0.99
195200.00	0.99
195300.00	0.99
195400.00	0.99
195500.00	0.99
195600.00	0.99
195700.00	0.99
195800.00	0.99
195900.00	0.99
196000.00	0.99
196100.00	0.99
196200.00	0.99
196300.00	0.99
196400.00	0.99
196500.00	0.99
196600.00	0.99
196700.00	0.99
196800.00	0.99
196900.00	0.99
197000.00	0.99
197100.00	0.99
197200.00	0.99
197300.00	1.00
197400.00	1.00
197500.00	1.00
197600.00	1.00
197700.00	1.00
197800.00	1.00
197900.00	1.00
198000.00	1.00
198100.00	1.00
198200.00	1.00
198300.00	1.00
198400.00	1.00
198500.00	1.00
198600.00	1.00
198700.00	1.00
198800.00	1.00
198900.00	1.00
199000.00	1.00
199100.00	1.00
199200.00	1.00
199300.00	1.00
199400.00	1.00
199500.00	1.00
199600.00	1.00
199700.00	1.00
199800.00	1.00
199900.00	1.00
200000.00	1.00
200100.00	1.00
200200.00	1.00
200300.00	1.00
200400.00	1.00
200500.00	1.00
200600.00	1.00
200700.00	1.00
200800.00	1.00
200900.00	1.00
201000.00	1.00
201100.00	1.00
201200.00	1.00
201300.00	1.00
201400.00	1.00
201500.00	1.00
201600.00	1.00
201700.00	1.00
201800.00	1.00
201900.00	1.00
202000.00	1.00
202100.00	1.00
202200.00	1.00
202300.00	1.00
202400.00	1.00
202500.00	1.00
202600.00	1.00
202700.00	1.00
202800.00	1.00
202900.00	1.00
203000.00	1.00
203100.00	1.00
203200.00	1.00
203300.00	1.00
203400.00	1.00
203500.00	1.00
203600.00	1.00
203700.00	1.00
203800.00	1.00
203900.00	1.00
204000.00	1.00
204100.00	1.00
204200.00	1.00
204300.00	1.00
204400.00	1.00
204500.00	1.00
204600.00	1.00
204700.00	1.00
204800.00	1.00
204900.00	1.00
205000.00	1.00
205100.00	1.00
205200.00	1.00
205300.00	1.00
205400.00	1.00
205500.00	1.00
205600.00	1.00
205700.00	1.00
205800.00	1.00
205900.00	1.00
206000.00	1.00
206100.00	1.00
206200.00	1.00
206300.00	1.00
206400.00	1.00
206500.00	1.00
206600.00	1.00
206700.00	1.00
206800.00	1.00
206900.00	1.00
207000.00	1.00
207100.00	1.00
207200.00	1.00
207300.00	1.00
207400.00	1.00
207500.00	1.00
207600.00	1.00
207700.00	1.00
207800.00	1.00
207900.00	1.00
208000.00	1.00
208100.00	1.00
208200.00	1.00
208300.00	1.00
208400.00	1.00
208500.00	1.00
208600.00	1.00
208700.00	1.00
208800.00	1.00
208900.00	1.00
209000.00	1.00
209100.00	1.00
209200.00	1.00
209300.00	1.00
209400.00	1.00
209500.00	1.00
209600.00	1.00
209700.00	1.00
209800.00	1.00
209900.00	1.00
210000.00	1.00
210100.00	1.00
210200.00	1.00
210300.00	1.00
210400.00	1.00
210500.00	1.00
210600.00	1.00
210700.00	1.00
210800.00	1.00
210900.00	1.00
211000.00	1.00
211100.00	1.00
211200.00	1.00
211300.00	1.00
211400.00	1.00
211500.00	1.00
211600.00	1.00
211700.00	1.00
211800.00	1.00
211900.00	1.00
212000.00	1.00
212100.00	1.00
212200.00	1.00
212300.00	1.00
212400.00	1.00
212500.00	1.00
212600.00	1.00
212700.00	1.00
212800.00	1.00
212900.00	1.00
213000.00	1.00
213100.00	1.00
213200.00	1.00
213300.00	1.00
213400.00	1.00
213500.00	1.00
213600.00	1.00
213700.00	1.00
213800.00	1.00
213900.00	1.00
214000.00	1.00
214100.00	1.00
214200.00	1.00
214300.00	1.00
214400.00	1.00
214500.00	1.00
214600.00	1.00
214700.00	1.00
214800.00	1.00
214900.00	1.00
215000.00	1.00
215100.00	1.00
215200.00	1.00
215300.00	1.00
215400.00	1.00
215500.00	1.00
215600.00	1.00
215700.00	1.00
215800.00	1.00
215900.00	1.00
216000.00	1.00
216100.00	1.00
216200.00	1.00
216300.00	1.00
216400.00	1.00
216500.00	1.00
216600.00	1.00
216700.00	1.00
216800.00	1.00
216900.00	1.00
217000.00	1.00
217100.00	1.00
217200.00	1.00
217300.00	1.00
217400.00	1.00
217500.00	1.00
217600.00	1.00
217700.00	1.00
217800.00	1.00
217900.00	1.00
218000.00	1.00
218100.00	1.00
218200.00	1.00
218300.00	1.00
218400.00	1.00
218500.00	1.00
218600.00	1.00
218700.00	1.00
218800.00	1.00
218900.00	1.00
219000.00	1.00
219100.00	1.00
219200.00	1.00
219300.00	1.00
219400.00	1.00
219500.00	1.00
219600.00	1.00
219700.00	1.00
219800.00	1.00
219900.00	1.00
220000.00	1.00
220100.00	1.00
220200.00	1.00
220300.00	1.00
220400.00	1.00
220500.00	1.00
220600.00	1.00
220700.00	1.00
220800.00	1.00
220900.00	1.00
221000.00	1.00
221100.00	1.00
221200.00	1.00
221300.00	1.00
221400.00	1.00
221500.00	1.00
221600.00	1.00
221700.00	1.00
221800.00	1.00
221900.00	1.00
222000.00	1.00
222100.00	1.00
222200.00	1.00
222300.00	1.00
222400.00	1.00
222500.00	1.00
222600.00	1.00
222700.00	1.00
222800.00	1.00
222900.00	1.00
223000.00	1.00
223100.00	1.00
223200.00	1.00
223300.00	1.00
223400.00	1.00
223500.00	1.00
223600.00	1.00
223700.00	1.00
223800.00	1.00
223900.00	1.00
224000.00	1.00
224100.00	1.00
224200.00	1.00
224300.00	1.00
224400.00	1.00
224500.00	1.00
224600.00	1.00
224700.00	1.00
224800.00	1.00
224900.00	1.00
225000.00	1.00
225100.00	1.00
225200.00	1.00
225300.00	1.00
225400.00	1.00
225500.00	1.00
225600.00	1.00
225700.00	1.00
225800.00	1.00
225900.00	1.00
226000.00	1.00
226100.00	1.00
226200.00	1.00
226300.00	1.00
226400.00	1.00
226500.00	1.00
226600.00	1.00
226700.00	1.00
226800.00	1.00
226900.00	1.00
227000.00	1.00
227100.00	1.00
227200.00	1.00
227300.00	1.00
227400.00	1.00
227500.00	1.00
227600.00	1.00
227700.00	1.00
227800.00	1.00
227900.00	1.00
228000.00	1.00
228100.00	1.00
228200.00	1.00
228300.00	1.00
228400.00	1.00
228500.00	1.00
228600.00	1.00
228700.00	1.00
228800.00	1.00
228900.00	1.00
229000.00	1.00
229100.00	1.00
229200.00	1.00
229300.00	1.00
229400.00	1.00
229500.00	1.00
229600.00	1.00
229700.00	1.00
229800.00	1.00
229900.00	1.00
230000.00	1.00
230100.00	1.00
230200.00	1.00
230300.00	1.00
230400.00	1.00
230500.00	1.00
230600.00	1.00
230700.00	1.00
230800.00	1.00
230900.00	1.00
231000.00	1.00
231100.00	1.00
231200.00	1.00
231300.00	1.00
231400.00	1.00
231500.00	1.00
231600.00	1.00
231700.00	1.00
231800.00	1.00
231900.00	1.00
232000.00	1.00
232100.00	1.00
232200.00	1.00
232300.00	1.00
232400.00	1.00
232500.00	1.00
232600.00	1.00
232700.00	1.00
232800.00	1.00
232900.00	1.00
233000.00	1.00
233100.00	1.00
233200.00	1.00
233300.00	1.00
233400.00	1.00
233500.00	1.00
233600.00	1.00
233700.00	1.00
233800.00	1.00
233900.00	1.00
234000.00	1.00
234100.00	1.00
234200.00	1.00
234300.00	1.00
234400.00	1.00
234500.00	1.00
234600.00	1.00
234700.00	1.00
234800.00	1.00
234900.00	1.00
235000.00	1.00
235100.00	1.00
235200.00	1.00
235300.00	1.00
235400.00	1.00
235500.00	1.00
235600.00	1.00
235700.00	1.00
235800.00	1.00
235900.00	1.00
236000.00	1.00
236100.00	1.00
236200.00	1.00
236300.00	1.00
236400.00	1.00
236500.00	1.00
236600.00	1.00
236700.00	1.00
236800.00	1.00
236900.00	1.00
237000.00	1.00
237100.00	1.00
237200.00	1.00
237300.00	1.00
237400.00	1.00
237500.00	1.00
237600.00	1.00
237700.00	1.00
237800.00	1.00
237900.00	1.00
238000.00	1.00
238100.00	1.00
238200.00	1.00
238300.00	1.00
238400.00	1.00
238500.00	1.00
238600.00	1.00
238700.00	1.00
238800.00	1.00
238900.00	1.00
239000.00	1.00
239100.00	1.00
239200.00	1.00
239300.00	1.00
239400.00	1.00
239500.00	1.00
239600.00	1.00
239700.00	1.00
239800.00	1.00
239900.00	1.00
240000.00	1.00
240100.00	1.00
240200.00	1.00
240300.00	1.00
240400.00	1.00
240500.00	1.00
240600.00	1.00
240700.00	1.00
240800.00	1.00
240900.00	1.00
241000.00	1.00
241100.00	1.00
241200.00	1.00
241300.00	1.00
241400.00	1.00
241500.00	1.00
241600.00	1.00
241700.00	1.00
241800.00	1.00
241900.00	1.00
242000.00	1.00
242100.00	1.00
242200.00	1.00
242300.00	1.00
242400.00	1.00
242500.00	1.00
242600.00	1.00
242700.00	1.00
242800.00	1.00
242900.00	1.00
243000.00	1.00
243100.00	1.00
243200.00	1.00
243300.00	1.00
243400.00	1.00
243500.00	1.00
243600.00	1.00
243700.00	1.00
243800.00	1.00
243900.00	1.00
244000.00	1.00
244100.00	1.00
244200.00	1.00
244300.00	1.00
244400.00	1.00
244500.00	1.00
244600.00	1.00
244700.00	1.00
244800.00	1.00
244900.00	1.00
245000.00	1.00
245100.00	1.00
245200.00	1.00
245300.00	1.00
245400.00	1.00
245500.00	1.00
245600.00	1.00
245700.00	1.00
245800.00	1.00
245900.00	1.00
246000.00	1.00
246100.00	1.00
246200.00	1.00
246300.00	1.00
246400.00	1.00
246500.00	1.00
246600.00	1.00
246700.00	1.00
246800.00	1.00
246900.00	1.00
247000.00	1.00
247100.00	1.00
247200.00	1.00
247300.00	1.00
247400.00	1.00
247500.00	1.00
247600.00	1.00
247700.00	1.00
247800.00	1.00
247900.00	1.00
248000.00	1.00
248100.00	1.00
248200.00	1.00
248300.00	1.00
248400.00	1.00
248500.00	1.00
248600.00	1.00
248700.00	1.00
248800.00	1.00
248900.00	1.00
249000.00	1.00
249100.00	1.00
249200.00	1.00
249300.00	1.00
249400.00	1.00
249500.00	1.00
249600.00	1.00
249700.00	1.00
249800.00	1.00
249900.00	1.00
250000.00	1.00
250100.00	1.00
250200.00	1.00
250300.00	1.00
250400.00	1.00
250500.00	1.00
250600.00	1.00
250700.00	1.00
250800.00	1.00
250900.00	1.00
251000.00	1.00
251100.00	1.00
251200.00	1.00
251300.00	1.00
251400.00	1.00
251500.00	1.00
251600.00	1.00
251700.00	1.00
251800.00	1.00
251900.00	1.00
252000.00	1.00
252100.00	1.00
252200.00	1.00
252300.00	1.00
252400.00	1.00
252500.00	1.00
252600.00	1.00
252700.00	1.00
252800.00	1.00
252900.00	1.00
253000.00	1.00
253100.00	1.00
253200.00	1.00
253300.00	1.00
253400.00	1.00
253500.00	1.00
253600.00	1.00
253700.00	1.00
253800.00	1.00
253900.00	1.00
254000.00	1.00
254100.00	1.00
254200.00	1.00
254300.00	1.00
254400.00	1.00
254500.00	1.00
254600.00	1.00
254700.00	1.00
254800.00	1.00
254900.00	1.00
255000.00	1.00
255100.00	1.00
255200.00	1.00
255300.00	1.00
255400.00	1.00
255500.00	1.00
255600.00	1.00
255700.00	1.00
255800.00	1.00
255900.00	1.00
256000.00	1.00
256100.00	1.00
256200.00	1.00
256300.00	1.00
256400.00	1.00
256500.00	1.00
256600.00	1.00
256700.00	1.00
256800.00	1.00
256900.00	1.00
257000.00	1.00
257100.00	1.00
257200.00	1.00
257300.00	1.00
257400.00	1.00
257500.00	1.00
257600.00	1.00
257700.00	1.00
257800.00	1.00
257900.00	1.00
258000.00	1.00
258100.00	1.00
258200.00	1.00
258300.00	1.00
258400.00	1.00
258500.00	1.00
258600.00	1.00
258700.00	1.00
258800.00	1.00
258900.00	1.00
259000.00	1.00
259100.00	1.00
259200.00	1.00
259300.00	1.00
259400.00	1.00
259500.00	1.00
259600.00	1.00
259700.00	1.00
259800.00	1.00
259900.00	1.00
260000.00	1.00
260100.00	1.00
260200.00	1.00
260300.00	1.00
260400.00	1.00
260500.00	1.00
260600.00	1.00
260700.00	1.00
260800.00	1.00
260900.00	1.00
261000.00	1.00
261100.00	1.00
261200.00	1.00
261300.00	1.00
261400.00	1.00
261500.00	1.00
261600.00	1.00
261700.00	1.00
261800.00	1.00
261900.00	1.00
262000.00	1.00
262100.00	1.00
262200.00	1.00
262300.00	1.00
262400.00	1.00
262500.00	1.00
262600.00	1.00
262700.00	1.00
262800.00	1.00
262900.00	1.00
263000.00	1.00
263100.00	1.00
263200.00	1.00
263300.00	1.00
263400.00	1.00
263500.00	1.00
263600.00	1.00
263700.00	1.00
263800.00	1.00
263900.00	1.00
264000.00	1.00
264100.00	1.00
264200.00	1.00
264300.00	1.00
264400.00	1.00
264500.00	1.00
264600.00	1.00
264700.00	1.00
264800.00	1.00
264900.00	1.00
265000.00	1.00
265100.00	1.00
265200.00	1.00
265300.00	1.00
265400.00	1.00
265500.00	1.00
265600.00	1.00
265700.00	1.00
265800.00	1.00
265900.00	1.00
266000.00	1.00
266100.00	1.00
266200.00	1.00
266300.00	1.00
266400.00	1.00
266500.00	1.00
266600.00	1.00
266700.00	1.00
266800.00	1.00
266900.00	1.00
267000.00	1.00
267100.00	1.00
267200.00	1.00
267300.00	1.00
267400.00	1.00
267500.00	1.00
267600.00	1.00
267700.00	1.00
267800.00	1.00
267900.00	1.00
268000.00	1.00
268100.00	1.00
268200.00	1.00
268300.00	1.00
268400.00	1.00
268500.00	1.00
268600.00	1.00
268700.00	1.00
268800.00	1.00
268900.00	1.00
269000.00	1.00
269100.00	1.00
269200.00	1.00
269300.00	1.00
269400.00	1.00
269500.00	1.00
269600.00	1.00
269700.00	1.00
269800.00	1.00
269900.00	1.00
270000.00	1.00
270100.00	1.00
270200.00	1.00
270300.00	1.00
270400.00	1.00
270500.00	1.00
270600.00	1.00
270700.00	1.00
270800.00	1.00
270900.00	1.00
271000.00	1.00
271100.00	1.00
271200.00	1.00
271300.00	1.00
271400.00	1.00
271500.00	1.00
271600.00	1.00
271700.00	1.00
271800.00	1.00
271900.00	1.00
272000.00	1.00
272100.00	1.00
272200.00	1.01
272300.00	1.01
272400.00	1.01
272500.00	1.01
272600.00	1.01
272700.00	1.01
272800.00	1.01
272900.00	1.01
273000.00	1.01
273100.00	1.01
273200.00	1.01
273300.00	1.01
273400.00	1.01
273500.00	1.01
273600.00	1.01
273700.00	1.01
273800.00	1.01
273900.00	1.01
274000.00	1.01
274100.00	1.01
274200.00	1.01
274300.00	1.01
274400.00	1.01
274500.00	1.01
274600.00	1.01
274700.00	1.01
274800.00	1.01
274900.00	1.01
275000.00	1.01
275100.00	1.01
275200.00	1.01
275300.00	1.01
275400.00	1.01
275500.00	1.01
275600.00	1.01
275700.00	1.01
275800.00	1.01
275900.00	1.01
276000.00	1.01
276100.00	1.01
276200.00	1.01
276300.00	1.01
276400.00	1.01
276500.00	1.01
276600.00	1.01
276700.00	1.01
276800.00	1.01
276900.00	1.01
277000.00	1.01
277100.00	1.01
277200.00	1.01
277300.00	1.01
277400.00	1.01
277500.00	1.01
277600.00	1.01
277700.00	1.01
277800.00	1.01
277900.00	1.01
278000.00	1.01
278100.00	1.01
278200.00	1.01
278300.00	1.01
278400.00	1.01
278500.00	1.01
278600.00	1.01
278700.00	1.01
278800.00	1.01
278900.00	1.01
279000.00	1.01
279100.00	1.01
279200.00	1.01
279300.00	1.01
279400.00	1.01
279500.00	1.01
279600.00	1.01
279700.00	1.01
279800.00	1.01
279900.00	1.01
280000.00	1.01
280100.00	1.01
280200.00	1.01
280300.00	1.01
280400.00	1.01
280500.00	1.01
280600.00	1.01
280700.00	1.01
280800.00	1.01
280900.00	1.01
281000.00	1.01
281100.00	1.01
281200.00	1.01
281300.00	1.01
281400.00	1.01
281500.00	1.01
281600.00	1.01
281700.00	1.01
281800.00	1.01
281900.00	1.01
282000.00	1.01
282100.00	1.01
282200.00	1.01
282300.00	1.01
282400.00	1.01
282500.00	1.01
282600.00	1.01
282700.00	1.01
282800.00	1.01
282900.00	1.01
283000.00	1.01
283100.00	1.01
283200.00	1.01
283300.00	1.01
283400.00	1.01
283500.00	1.01
283600.00	1.01
283700.00	1.01
283800.00	1.01
283900.00	1.01
284000.00	1.01
284100.00	1.01
284200.00	1.01
284300.00	1.01
284400.00	1.01
284500.00	1.01
284600.00	1.01
284700.00	1.01
284800.00	1.01
284900.00	1.01
285000.00	1.01
285100.00	1.01
285200.00	1.01
285300.00	1.01
285400.00	1.01
285500.00	1.01
285600.00	1.01
285700.00	1.01
285800.00	1.01
285900.00	1.01
286000.00	1.01
286100.00	1.01
286200.00	1.01
286300.00	1.01
286400.00	1.01
286500.00	1.01
286600.00	1.01
286700.00	1.01
286800.00	1.01
286900.00	1.01
287000.00	1.01
287100.00	1.01
287200.00	1.01
287300.00	1.01
287400.00	1.01
287500.00	1.01
287600.00	1.01
287700.00	1.01
287800.00	1.01
287900.00	1.01
288000.00	1.01
288100.00	1.01
288200.00	1.01
288300.00	1.01
288400.00	1.01
288500.00	1.01
288600.00	1.01
288700.00	1.01
288800.00	1.01
288900.00	1.01
289000.00	1.01
289100.00	1.01
289200.00	1.01
289300.00	1.01
289400.00	1.01
289500.00	1.01
289600.00	1.01
289700.00	1.01
289800.00	1.01
289900.00	1.01
290000.00	1.01
290100.00	1.01
290200.00	1.01
290300.00	1.01
290400.00	1.01
290500.00	1.01
290600.00	1.01
290700.00	1.01
290800.00	1.01
290900.00	1.01
291000.00	1.01
291100.00	1.01
291200.00	1.01
291300.00	1.01
291400.00	1.01
291500.00	1.01
291600.00	1.01
291700.00	1.01
291800.00	1.01
291900.00	1.01
292000.00	1.01
292100.00	1.01
292200.00	1.01
292300.00	1.01
292400.00	1.01
292500.00	1.01
292600.00	1.01
292700.00	1.01
292800.00	1.01
292900.00	1.01
293000.00	1.01
293100.00	1.01
293200.00	1.01
293300.00	1.01
293400.00	1.01
293500.00	1.01
293600.00	1.01
293700.00	1.01
293800.00	1.01
293900.00	1.01
294000.00	1.01
294100.00	1.01
294200.00	1.01
294300.00	1.01
294400.00	1.01
294500.00	1.01
294600.00	1.01
294700.00	1.01
294800.00	1.01
294900.00	1.01
295000.00	1.01
295100.00	1.01
295200.00	1.01
295300.00	1.01
295400.00	1.01
295500.00	1.01
295600.00	1.01
295700.00	1.01
295800.00	1.01
295900.00	1.01
296000.00	1.01
296100.00	1.01
296200.00	1.01
296300.00	1.01
296400.00	1.01
296500.00	1.01
296600.00	1.01
296700.00	1.01
296800.00	1.01
296900.00	1.01
297000.00	1.01
297100.00	1.01
297200.00	1.01
297300.00	1.01
297400.00	1.01
297500.00	1.01
297600.00	1.01
297700.00	1.01
297800.00	1.01
297900.00	1.01
298000.00	1.01
298100.00	1.01
298200.00	1.01
298300.00	1.01
298400.00	1.01
298500.00	1.01
298600.00	1.01
298700.00	1.01
298800.00	1.01
298900.00	1.01
299000.00	1.01
299100.00	1.01
299200.00	1.01
299300.00	1.01
299400.00	1.01
299500.00	1.01
299600.00	1.01
299700.00	1.01
299800.00	1.01
299900.00	1.01
300000.00	1.01
